% selec_neur=[        4     7    18    27    44    55    69    75    86    97
%                     3     6    31    34    36    44    59    75    90    97
%                     3     4    27    31    34    35    44    80    81    97
%                     3     4    18    27    31    36    44    80    81    97
%                     3     4    18    27    36    44    69    80    81    97
 selec_neur=[       3     4    69    27    59    36    44    77    75    34  % 0.437 with multi
                    3     4    69    27    75    36    44    80    34    59  % 0.462 with multi
                    3    18    27    34    36    44    69    81    75    97
                    3    18    27    34    36    44    69    80    75    97
                    3    18    27    34    36    44    59    69    75    80
                    3    18    27    34    36    44    59    69    75    97
                    3    18    27    34    36    44    69    71    75    97
                    3     4    27    34    36    44    59    69    75    86
                    3    19    27    34    36    44    56    59    69    75 
                    3    27    34    36    44    56    59    69    75    97];

% matlabpool close force local    
% matlabpool;
% e_papymamy=zeros(size(selec_neur,1),1);
%  parfor i=1:size(selec_neur,1)
%      [e_papymamy(i) E] = CrossValidation(matrix_data_300(:,:,selec_neur(i,:),:), 'multi', 1, 100);
%  end
%  matlabpool close force local

                
                
                
                
                
                
                
%%%%%%%%%%%%%%%%%%%%%%%%%%%%%%%%%%%%%%%%%%%%%%%%%%%%%%%%%%%%%%%%%%%%%%%%%%%%%%%%%%%%
                
% %gauss
% % e = 0.0862 // sum(E) = 11     2     9    15    13     5     4    10
% pop(1, :) = [4     7    18    27    44    55    69    75    86    97];
% % e = 0.0813 // sum(E) = 2     2    15    11    20     4     5     6
% pop(2, :) = [3     6    31    34    36    44    59    75    90    97];
% % e = 0.0712 // sum(E) = 5     5    14    10    10     4     3     6
% pop(3, :) = [3     4    27    31    34    35    44    80    81    97]; 
% % e = 0.0625 // sum(E) = 3     2     9    13     9     4     4     6
% pop(4, :) = [3     4    18    27    31    36    44    80    81    97]; 
% % e = 0.0600 // sum(E) = 3     3     7    11    10     4     4     6
% pop(5, :) = [3     4    18    27    36    44    69    80    81    97];
% 
% % For mixed :
% % e =0.0500 / gauss : e = 0.0575
% pop(6, :) = [3    18    27    34    36    44    69    81    75    97];
% % 
% % e =0.0500 / gauss : e = 0.0625
% pop(8, :) = [3    18    27    34    36    44    69    80    75    97];
% %
% % e =0.0488 / gauss : e = 0.0612
% pop(7, :) = [3    18    27    34    36    44    69    71    75    97];
% % intermediaires :
% %3    18    27    34    36    44    59    69    75    80
% %
% %3    18    27    34    36    44    59    69    75    97
% %
% %3    18    27    34    36    44    69    71    75    97
% %
% %e = 0.04125
% pop(9, :) = [3     4    27    34    36    44    59    69    75    86];
% 
% %pool complet
% %3    19    27    34    36    44    56    59    69    75   %4.3775
% %3    27    34    36    44    56    59    69    75    97    %4.5
% %